1 200 216 16 16 0 0 0 1000 -1000 -509.902 
1 216 216 16 16 0 0 0 1000 -1000 -509.902 
1 232 216 16 16 0 0 0 1000 -1000 -509.902 
1 248 216 16 16 0 0 0 1000 -1000 -509.902 
1 264 216 16 16 0 0 0 1000 -1000 -509.902 
1 584 648 16 16 0 0 0 1000 -1000 -509.902 
1 600 648 16 16 0 0 0 1000 -1000 -509.902 
1 616 648 16 16 0 0 0 1000 -1000 -509.902 
1 632 648 16 16 0 0 0 1000 -1000 -509.902 
1 648 760 16 16 0 0 0 1000 -1000 -509.902 
1 664 760 16 16 0 0 0 1000 -1000 -509.902 
1 680 760 16 16 0 0 0 1000 -1000 -509.902 
1 696 760 16 16 0 0 0 1000 -1000 -509.902 
1 712 760 16 16 0 0 0 1000 -1000 -509.902 
