1 712 760 16 16 0 0 0 2000 -1000 1 
1 472 216 16 16 0 0 0 2000 -1000 1 
1 488 216 16 16 0 0 0 2000 -1000 1 
1 504 216 16 16 0 0 0 2000 -1000 1 
1 520 216 16 16 0 0 0 2000 -1000 1 
1 536 216 16 16 0 0 0 2000 -1000 1 
1 552 216 16 16 0 0 0 2000 -1000 1 
1 568 216 16 16 0 0 0 2000 -1000 1 
1 104 408 16 16 0 0 0 2000 -1000 1 
1 120 408 16 16 0 0 0 2000 -1000 1 
1 136 408 16 16 0 0 0 2000 -1000 1 
1 152 408 16 16 0 0 0 2000 -1000 1 
1 168 408 16 16 0 0 0 2000 -1000 1 
1 184 408 16 16 0 0 0 2000 -1000 1 
1 792 552 16 16 0 0 0 2000 -1000 1 
1 808 552 16 16 0 0 0 2000 -1000 1 
1 824 552 16 16 0 0 0 2000 -1000 1 
1 152 760 16 16 0 0 0 2000 -1000 1 
1 168 760 16 16 0 0 0 2000 -1000 1 
1 184 760 16 16 0 0 0 2000 -1000 1 
1 200 760 16 16 0 0 0 2000 -1000 1 
1 216 760 16 16 0 0 0 2000 -1000 1 
1 232 760 16 16 0 0 0 2000 -1000 1 
1 248 760 16 16 0 0 0 2000 -1000 1 
1 264 760 16 16 0 0 0 2000 -1000 1 
1 280 760 16 16 0 0 0 2000 -1000 1 
1 296 760 16 16 0 0 0 2000 -1000 1 
1 200 216 16 16 0 0 0 2000 -1000 1 
1 216 216 16 16 0 0 0 2000 -1000 1 
1 232 216 16 16 0 0 0 2000 -1000 1 
1 248 216 16 16 0 0 0 2000 -1000 1 
1 264 216 16 16 0 0 0 2000 -1000 1 
1 584 648 16 16 0 0 0 2000 -1000 1 
1 600 648 16 16 0 0 0 2000 -1000 1 
1 616 648 16 16 0 0 0 2000 -1000 1 
1 632 648 16 16 0 0 0 2000 -1000 1 
1 648 760 16 16 0 0 0 2000 -1000 1 
1 664 760 16 16 0 0 0 2000 -1000 1 
1 680 760 16 16 0 0 0 2000 -1000 1 
1 696 760 16 16 0 0 0 2000 -1000 1 
1 712 760 16 16 0 0 0 2000 -1000 1 
1 200 216 16 16 0 0 0 2000 -1000 1 
1 216 216 16 16 0 0 0 2000 -1000 1 
1 232 216 16 16 0 0 0 2000 -1000 1 
1 248 216 16 16 0 0 0 2000 -1000 1 
1 264 216 16 16 0 0 0 2000 -1000 1 
1 584 648 16 16 0 0 0 2000 -1000 1 
1 600 648 16 16 0 0 0 2000 -1000 1 
1 616 648 16 16 0 0 0 2000 -1000 1 
1 632 648 16 16 0 0 0 2000 -1000 1 
1 648 760 16 16 0 0 0 2000 -1000 1 
1 664 760 16 16 0 0 0 2000 -1000 1 
1 680 760 16 16 0 0 0 2000 -1000 1 
1 696 760 16 16 0 0 0 2000 -1000 1 
1 712 760 16 16 0 0 0 2000 -1000 1 
1 200 216 16 16 0 0 0 2000 -1000 1 
1 216 216 16 16 0 0 0 2000 -1000 1 
1 232 216 16 16 0 0 0 2000 -1000 1 
1 248 216 16 16 0 0 0 2000 -1000 1 
1 264 216 16 16 0 0 0 2000 -1000 1 
1 584 648 16 16 0 0 0 2000 -1000 1 
1 600 648 16 16 0 0 0 2000 -1000 1 
1 616 648 16 16 0 0 0 2000 -1000 1 
1 632 648 16 16 0 0 0 2000 -1000 1 
1 648 760 16 16 0 0 0 2000 -1000 1 
1 664 760 16 16 0 0 0 2000 -1000 1 
1 680 760 16 16 0 0 0 2000 -1000 1 
1 696 760 16 16 0 0 0 2000 -1000 1 
1 712 760 16 16 0 0 0 2000 -1000 1 
1 200 216 16 16 0 0 0 2000 -1000 1 
1 216 216 16 16 0 0 0 2000 -1000 1 
1 232 216 16 16 0 0 0 2000 -1000 1 
1 248 216 16 16 0 0 0 2000 -1000 1 
1 264 216 16 16 0 0 0 2000 -1000 1 
1 584 648 16 16 0 0 0 2000 -1000 1 
1 600 648 16 16 0 0 0 2000 -1000 1 
1 616 648 16 16 0 0 0 2000 -1000 1 
1 632 648 16 16 0 0 0 2000 -1000 1 
1 648 760 16 16 0 0 0 2000 -1000 1 
1 664 760 16 16 0 0 0 2000 -1000 1 
1 680 760 16 16 0 0 0 2000 -1000 1 
1 696 760 16 16 0 0 0 2000 -1000 1 
1 712 760 16 16 0 0 0 2000 -1000 1 
1 136 248 16 16 0 0 0 2000 -1000 1 
1 152 248 16 16 0 0 0 2000 -1000 1 
1 168 248 16 16 0 0 0 2000 -1000 1 
1 184 248 16 16 0 0 0 2000 -1000 1 
1 200 248 16 16 0 0 0 2000 -1000 1 
1 216 248 16 16 0 0 0 2000 -1000 1 
1 584 536 16 16 0 0 0 2000 -1000 1 
1 600 536 16 16 0 0 0 2000 -1000 1 
1 616 536 16 16 0 0 0 2000 -1000 1 
1 632 536 16 16 0 0 0 2000 -1000 1 
1 648 536 16 16 0 0 0 2000 -1000 1 
1 56 760 16 16 0 0 0 2000 -1000 1 
1 72 760 16 16 0 0 0 2000 -1000 1 
1 88 760 16 16 0 0 0 2000 -1000 1 
1 104 760 16 16 0 0 0 2000 -1000 1 
1 1032 760 16 16 0 0 0 2000 -1000 1 
1 1048 760 16 16 0 0 0 2000 -1000 1 
1 1064 760 16 16 0 0 0 2000 -1000 1 
1 1080 760 16 16 0 0 0 2000 -1000 1 
1 1096 760 16 16 0 0 0 2000 -1000 1 
1 1112 760 16 16 0 0 0 2000 -1000 1 
1 1128 760 16 16 0 0 0 2000 -1000 1 
1 1144 760 16 16 0 0 0 2000 -1000 1 
1 1160 760 16 16 0 0 0 2000 -1000 1 
1 1176 760 16 16 0 0 0 2000 -1000 1 
1 200 216 16 16 0 0 0 2000 -1000 1 
1 216 216 16 16 0 0 0 2000 -1000 1 
1 232 216 16 16 0 0 0 2000 -1000 1 
1 248 216 16 16 0 0 0 2000 -1000 1 
1 264 216 16 16 0 0 0 2000 -1000 1 
1 584 648 16 16 0 0 0 2000 -1000 1 
1 600 648 16 16 0 0 0 2000 -1000 1 
1 616 648 16 16 0 0 0 2000 -1000 1 
1 632 648 16 16 0 0 0 2000 -1000 1 
1 648 760 16 16 0 0 0 2000 -1000 1 
1 664 760 16 16 0 0 0 2000 -1000 1 
1 680 760 16 16 0 0 0 2000 -1000 1 
1 696 760 16 16 0 0 0 2000 -1000 1 
1 712 760 16 16 0 0 0 2000 -1000 1 
1 136 248 16 16 0 0 0 2000 -1000 1 
1 152 248 16 16 0 0 0 2000 -1000 1 
1 168 248 16 16 0 0 0 2000 -1000 1 
1 184 248 16 16 0 0 0 2000 -1000 1 
1 200 248 16 16 0 0 0 2000 -1000 1 
1 216 248 16 16 0 0 0 2000 -1000 1 
1 584 536 16 16 0 0 0 2000 -1000 1 
1 600 536 16 16 0 0 0 2000 -1000 1 
1 616 536 16 16 0 0 0 2000 -1000 1 
1 632 536 16 16 0 0 0 2000 -1000 1 
1 648 536 16 16 0 0 0 2000 -1000 1 
1 56 760 16 16 0 0 0 2000 -1000 1 
1 72 760 16 16 0 0 0 2000 -1000 1 
1 88 760 16 16 0 0 0 2000 -1000 1 
1 104 760 16 16 0 0 0 2000 -1000 1 
1 1032 760 16 16 0 0 0 2000 -1000 1 
1 1048 760 16 16 0 0 0 2000 -1000 1 
1 1064 760 16 16 0 0 0 2000 -1000 1 
1 1080 760 16 16 0 0 0 2000 -1000 1 
1 1096 760 16 16 0 0 0 2000 -1000 1 
1 1112 760 16 16 0 0 0 2000 -1000 1 
1 1128 760 16 16 0 0 0 2000 -1000 1 
1 1144 760 16 16 0 0 0 2000 -1000 1 
1 1160 760 16 16 0 0 0 2000 -1000 1 
1 1176 760 16 16 0 0 0 2000 -1000 1 
1 200 216 16 16 0 0 0 2000 -1000 1 
1 216 216 16 16 0 0 0 2000 -1000 1 
1 232 216 16 16 0 0 0 2000 -1000 1 
1 248 216 16 16 0 0 0 2000 -1000 1 
1 264 216 16 16 0 0 0 2000 -1000 1 
1 584 648 16 16 0 0 0 2000 -1000 1 
1 600 648 16 16 0 0 0 2000 -1000 1 
1 616 648 16 16 0 0 0 2000 -1000 1 
1 632 648 16 16 0 0 0 2000 -1000 1 
1 648 760 16 16 0 0 0 2000 -1000 1 
1 664 760 16 16 0 0 0 2000 -1000 1 
1 680 760 16 16 0 0 0 2000 -1000 1 
1 696 760 16 16 0 0 0 2000 -1000 1 
1 712 760 16 16 0 0 0 2000 -1000 1 
1 200 216 16 16 0 0 0 2000 -1000 1 
1 216 216 16 16 0 0 0 2000 -1000 1 
1 232 216 16 16 0 0 0 2000 -1000 1 
1 248 216 16 16 0 0 0 2000 -1000 1 
1 264 216 16 16 0 0 0 2000 -1000 1 
1 584 648 16 16 0 0 0 2000 -1000 1 
1 600 648 16 16 0 0 0 2000 -1000 1 
1 616 648 16 16 0 0 0 2000 -1000 1 
1 632 648 16 16 0 0 0 2000 -1000 1 
1 648 760 16 16 0 0 0 2000 -1000 1 
1 664 760 16 16 0 0 0 2000 -1000 1 
1 680 760 16 16 0 0 0 2000 -1000 1 
1 696 760 16 16 0 0 0 2000 -1000 1 
1 712 760 16 16 0 0 0 2000 -1000 1 
1 200 216 16 16 0 0 0 2000 -1000 1 
1 216 216 16 16 0 0 0 2000 -1000 1 
1 232 216 16 16 0 0 0 2000 -1000 1 
1 248 216 16 16 0 0 0 2000 -1000 1 
1 264 216 16 16 0 0 0 2000 -1000 1 
1 584 648 16 16 0 0 0 2000 -1000 1 
1 600 648 16 16 0 0 0 2000 -1000 1 
1 616 648 16 16 0 0 0 2000 -1000 1 
1 632 648 16 16 0 0 0 2000 -1000 1 
1 648 760 16 16 0 0 0 2000 -1000 1 
1 664 760 16 16 0 0 0 2000 -1000 1 
1 680 760 16 16 0 0 0 2000 -1000 1 
1 696 760 16 16 0 0 0 2000 -1000 1 
1 712 760 16 16 0 0 0 2000 -1000 1 
1 200 216 16 16 0 0 0 2000 -1000 1 
1 216 216 16 16 0 0 0 2000 -1000 1 
1 232 216 16 16 0 0 0 2000 -1000 1 
1 248 216 16 16 0 0 0 2000 -1000 1 
1 264 216 16 16 0 0 0 2000 -1000 1 
1 584 648 16 16 0 0 0 2000 -1000 1 
1 600 648 16 16 0 0 0 2000 -1000 1 
1 616 648 16 16 0 0 0 2000 -1000 1 
1 632 648 16 16 0 0 0 2000 -1000 1 
1 648 760 16 16 0 0 0 2000 -1000 1 
1 664 760 16 16 0 0 0 2000 -1000 1 
1 680 760 16 16 0 0 0 2000 -1000 1 
1 696 760 16 16 0 0 0 2000 -1000 1 
1 712 760 16 16 0 0 0 2000 -1000 1 
1 200 216 16 16 0 0 0 2000 -1000 1 
1 216 216 16 16 0 0 0 2000 -1000 1 
1 232 216 16 16 0 0 0 2000 -1000 1 
1 248 216 16 16 0 0 0 2000 -1000 1 
1 264 216 16 16 0 0 0 2000 -1000 1 
1 584 648 16 16 0 0 0 2000 -1000 1 
1 600 648 16 16 0 0 0 2000 -1000 1 
1 616 648 16 16 0 0 0 2000 -1000 1 
1 632 648 16 16 0 0 0 2000 -1000 1 
1 648 760 16 16 0 0 0 2000 -1000 1 
1 664 760 16 16 0 0 0 2000 -1000 1 
1 680 760 16 16 0 0 0 2000 -1000 1 
1 696 760 16 16 0 0 0 2000 -1000 1 
1 712 760 16 16 0 0 0 2000 -1000 1 
1 200 216 16 16 0 0 0 2000 -1000 1 
1 216 216 16 16 0 0 0 2000 -1000 1 
1 232 216 16 16 0 0 0 2000 -1000 1 
1 248 216 16 16 0 0 0 2000 -1000 1 
1 264 216 16 16 0 0 0 2000 -1000 1 
1 584 648 16 16 0 0 0 2000 -1000 1 
1 600 648 16 16 0 0 0 2000 -1000 1 
1 616 648 16 16 0 0 0 2000 -1000 1 
1 632 648 16 16 0 0 0 2000 -1000 1 
1 648 760 16 16 0 0 0 2000 -1000 1 
1 664 760 16 16 0 0 0 2000 -1000 1 
1 680 760 16 16 0 0 0 2000 -1000 1 
1 696 760 16 16 0 0 0 2000 -1000 1 
1 712 760 16 16 0 0 0 2000 -1000 1 
1 200 216 16 16 0 0 0 2000 -1000 1 
1 216 216 16 16 0 0 0 2000 -1000 1 
1 232 216 16 16 0 0 0 2000 -1000 1 
1 248 216 16 16 0 0 0 2000 -1000 1 
1 264 216 16 16 0 0 0 2000 -1000 1 
1 584 648 16 16 0 0 0 2000 -1000 1 
1 600 648 16 16 0 0 0 2000 -1000 1 
1 616 648 16 16 0 0 0 2000 -1000 1 
1 632 648 16 16 0 0 0 2000 -1000 1 
1 648 760 16 16 0 0 0 2000 -1000 1 
1 664 760 16 16 0 0 0 2000 -1000 1 
1 680 760 16 16 0 0 0 2000 -1000 1 
1 696 760 16 16 0 0 0 2000 -1000 1 
1 712 760 16 16 0 0 0 2000 -1000 1 
1 200 216 16 16 0 0 0 2000 -1000 1 
1 216 216 16 16 0 0 0 2000 -1000 1 
1 232 216 16 16 0 0 0 2000 -1000 1 
1 248 216 16 16 0 0 0 2000 -1000 1 
1 264 216 16 16 0 0 0 2000 -1000 1 
1 584 648 16 16 0 0 0 2000 -1000 1 
1 600 648 16 16 0 0 0 2000 -1000 1 
1 616 648 16 16 0 0 0 2000 -1000 1 
1 632 648 16 16 0 0 0 2000 -1000 1 
1 648 760 16 16 0 0 0 2000 -1000 1 
1 664 760 16 16 0 0 0 2000 -1000 1 
1 680 760 16 16 0 0 0 2000 -1000 1 
1 696 760 16 16 0 0 0 2000 -1000 1 
1 712 760 16 16 0 0 0 2000 -1000 1 
1 200 216 16 16 0 0 0 2000 -1000 1 
1 216 216 16 16 0 0 0 2000 -1000 1 
1 232 216 16 16 0 0 0 2000 -1000 1 
1 248 216 16 16 0 0 0 2000 -1000 1 
1 264 216 16 16 0 0 0 2000 -1000 1 
1 584 648 16 16 0 0 0 2000 -1000 1 
1 600 648 16 16 0 0 0 2000 -1000 1 
1 616 648 16 16 0 0 0 2000 -1000 1 
1 632 648 16 16 0 0 0 2000 -1000 1 
1 648 760 16 16 0 0 0 2000 -1000 1 
1 664 760 16 16 0 0 0 2000 -1000 1 
1 680 760 16 16 0 0 0 2000 -1000 1 
1 696 760 16 16 0 0 0 2000 -1000 1 
1 712 760 16 16 0 0 0 2000 -1000 1 
1 200 216 16 16 0 0 0 2000 -1000 1 
1 216 216 16 16 0 0 0 2000 -1000 1 
1 232 216 16 16 0 0 0 2000 -1000 1 
1 248 216 16 16 0 0 0 2000 -1000 1 
1 264 216 16 16 0 0 0 2000 -1000 1 
1 584 648 16 16 0 0 0 2000 -1000 1 
1 600 648 16 16 0 0 0 2000 -1000 1 
1 616 648 16 16 0 0 0 2000 -1000 1 
1 632 648 16 16 0 0 0 2000 -1000 1 
1 648 760 16 16 0 0 0 2000 -1000 1 
1 664 760 16 16 0 0 0 2000 -1000 1 
1 680 760 16 16 0 0 0 2000 -1000 1 
1 696 760 16 16 0 0 0 2000 -1000 1 
1 712 760 16 16 0 0 0 2000 -1000 1 
1 200 216 16 16 0 0 0 2000 -1000 1 
1 216 216 16 16 0 0 0 2000 -1000 1 
1 232 216 16 16 0 0 0 2000 -1000 1 
1 248 216 16 16 0 0 0 2000 -1000 1 
1 264 216 16 16 0 0 0 2000 -1000 1 
1 584 648 16 16 0 0 0 2000 -1000 1 
1 600 648 16 16 0 0 0 2000 -1000 1 
1 616 648 16 16 0 0 0 2000 -1000 1 
1 632 648 16 16 0 0 0 2000 -1000 1 
1 648 760 16 16 0 0 0 2000 -1000 1 
1 664 760 16 16 0 0 0 2000 -1000 1 
1 680 760 16 16 0 0 0 2000 -1000 1 
1 696 760 16 16 0 0 0 2000 -1000 1 
1 712 760 16 16 0 0 0 2000 -1000 1 
