1 1192 792 16 16 0 0 0 2000 -1000 
1 152 216 16 16 0 0 0 2000 -1000 
1 168 216 16 16 0 0 0 2000 -1000 
1 184 216 16 16 0 0 0 2000 -1000 
1 280 216 16 16 0 0 0 2000 -1000 
1 296 216 16 16 0 0 0 2000 -1000 
1 408 216 16 16 0 0 0 2000 -1000 
1 424 216 16 16 0 0 0 2000 -1000 
1 440 216 16 16 0 0 0 2000 -1000 
1 456 216 16 16 0 0 0 2000 -1000 
1 584 216 16 16 0 0 0 2000 -1000 
1 600 216 16 16 0 0 0 2000 -1000 
1 616 216 16 16 0 0 0 2000 -1000 
1 632 216 16 16 0 0 0 2000 -1000 
1 136 232 16 16 0 0 0 2000 -1000 
1 152 232 16 16 0 0 0 2000 -1000 
1 168 232 16 16 0 0 0 2000 -1000 
1 184 232 16 16 0 0 0 2000 -1000 
1 200 232 16 16 0 0 0 2000 -1000 
1 216 232 16 16 0 0 0 2000 -1000 
1 232 232 16 16 0 0 0 2000 -1000 
1 248 232 16 16 0 0 0 2000 -1000 
1 264 232 16 16 0 0 0 2000 -1000 
1 280 232 16 16 0 0 0 2000 -1000 
1 296 232 16 16 0 0 0 2000 -1000 
1 408 232 16 16 0 0 0 2000 -1000 
1 424 232 16 16 0 0 0 2000 -1000 
1 440 232 16 16 0 0 0 2000 -1000 
1 456 232 16 16 0 0 0 2000 -1000 
1 472 232 16 16 0 0 0 2000 -1000 
1 488 232 16 16 0 0 0 2000 -1000 
1 504 232 16 16 0 0 0 2000 -1000 
1 520 232 16 16 0 0 0 2000 -1000 
1 536 232 16 16 0 0 0 2000 -1000 
1 552 232 16 16 0 0 0 2000 -1000 
1 568 232 16 16 0 0 0 2000 -1000 
1 584 232 16 16 0 0 0 2000 -1000 
1 600 232 16 16 0 0 0 2000 -1000 
1 616 232 16 16 0 0 0 2000 -1000 
1 632 232 16 16 0 0 0 2000 -1000 
1 120 248 16 16 0 0 0 2000 -1000 
1 136 248 16 16 0 0 0 2000 -1000 
1 152 248 16 16 0 0 0 2000 -1000 
1 104 264 16 16 0 0 0 2000 -1000 
1 120 264 16 16 0 0 0 2000 -1000 
1 136 264 16 16 0 0 0 2000 -1000 
1 104 280 16 16 0 0 0 2000 -1000 
1 120 280 16 16 0 0 0 2000 -1000 
1 744 296 16 16 0 0 0 2000 -1000 
1 760 296 16 16 0 0 0 2000 -1000 
1 1048 296 16 16 0 0 0 2000 -1000 
1 1064 296 16 16 0 0 0 2000 -1000 
1 1080 296 16 16 0 0 0 2000 -1000 
1 1096 296 16 16 0 0 0 2000 -1000 
1 1112 296 16 16 0 0 0 2000 -1000 
1 1128 296 16 16 0 0 0 2000 -1000 
1 1144 296 16 16 0 0 0 2000 -1000 
1 1160 296 16 16 0 0 0 2000 -1000 
1 1176 296 16 16 0 0 0 2000 -1000 
1 1192 296 16 16 0 0 0 2000 -1000 
1 744 312 16 16 0 0 0 2000 -1000 
1 760 312 16 16 0 0 0 2000 -1000 
1 1048 312 16 16 0 0 0 2000 -1000 
1 1064 312 16 16 0 0 0 2000 -1000 
1 1080 312 16 16 0 0 0 2000 -1000 
1 1096 312 16 16 0 0 0 2000 -1000 
1 1112 312 16 16 0 0 0 2000 -1000 
1 1128 312 16 16 0 0 0 2000 -1000 
1 1144 312 16 16 0 0 0 2000 -1000 
1 1160 312 16 16 0 0 0 2000 -1000 
1 1176 312 16 16 0 0 0 2000 -1000 
1 1192 312 16 16 0 0 0 2000 -1000 
1 8 344 16 16 0 0 0 2000 -1000 
1 24 344 16 16 0 0 0 2000 -1000 
1 8 360 16 16 0 0 0 2000 -1000 
1 24 360 16 16 0 0 0 2000 -1000 
1 280 360 16 16 0 0 0 2000 -1000 
1 296 360 16 16 0 0 0 2000 -1000 
1 312 360 16 16 0 0 0 2000 -1000 
1 8 376 16 16 0 0 0 2000 -1000 
1 24 376 16 16 0 0 0 2000 -1000 
1 280 376 16 16 0 0 0 2000 -1000 
1 296 376 16 16 0 0 0 2000 -1000 
1 312 376 16 16 0 0 0 2000 -1000 
1 984 376 16 16 0 0 0 2000 -1000 
1 1000 376 16 16 0 0 0 2000 -1000 
1 8 392 16 16 0 0 0 2000 -1000 
1 24 392 16 16 0 0 0 2000 -1000 
1 280 392 16 16 0 0 0 2000 -1000 
1 296 392 16 16 0 0 0 2000 -1000 
1 312 392 16 16 0 0 0 2000 -1000 
1 984 392 16 16 0 0 0 2000 -1000 
1 1000 392 16 16 0 0 0 2000 -1000 
1 8 408 16 16 0 0 0 2000 -1000 
1 24 408 16 16 0 0 0 2000 -1000 
1 40 408 16 16 0 0 0 2000 -1000 
1 56 408 16 16 0 0 0 2000 -1000 
1 72 408 16 16 0 0 0 2000 -1000 
1 88 408 16 16 0 0 0 2000 -1000 
1 200 408 16 16 0 0 0 2000 -1000 
1 216 408 16 16 0 0 0 2000 -1000 
1 232 408 16 16 0 0 0 2000 -1000 
1 248 408 16 16 0 0 0 2000 -1000 
1 264 408 16 16 0 0 0 2000 -1000 
1 280 408 16 16 0 0 0 2000 -1000 
1 296 408 16 16 0 0 0 2000 -1000 
1 312 408 16 16 0 0 0 2000 -1000 
1 328 408 16 16 0 0 0 2000 -1000 
1 344 408 16 16 0 0 0 2000 -1000 
1 360 408 16 16 0 0 0 2000 -1000 
1 376 408 16 16 0 0 0 2000 -1000 
1 392 408 16 16 0 0 0 2000 -1000 
1 408 408 16 16 0 0 0 2000 -1000 
1 424 408 16 16 0 0 0 2000 -1000 
1 8 424 16 16 0 0 0 2000 -1000 
1 24 424 16 16 0 0 0 2000 -1000 
1 40 424 16 16 0 0 0 2000 -1000 
1 56 424 16 16 0 0 0 2000 -1000 
1 72 424 16 16 0 0 0 2000 -1000 
1 88 424 16 16 0 0 0 2000 -1000 
1 104 424 16 16 0 0 0 2000 -1000 
1 120 424 16 16 0 0 0 2000 -1000 
1 136 424 16 16 0 0 0 2000 -1000 
1 152 424 16 16 0 0 0 2000 -1000 
1 168 424 16 16 0 0 0 2000 -1000 
1 184 424 16 16 0 0 0 2000 -1000 
1 200 424 16 16 0 0 0 2000 -1000 
1 216 424 16 16 0 0 0 2000 -1000 
1 232 424 16 16 0 0 0 2000 -1000 
1 248 424 16 16 0 0 0 2000 -1000 
1 264 424 16 16 0 0 0 2000 -1000 
1 280 424 16 16 0 0 0 2000 -1000 
1 296 424 16 16 0 0 0 2000 -1000 
1 312 424 16 16 0 0 0 2000 -1000 
1 328 424 16 16 0 0 0 2000 -1000 
1 344 424 16 16 0 0 0 2000 -1000 
1 360 424 16 16 0 0 0 2000 -1000 
1 376 424 16 16 0 0 0 2000 -1000 
1 392 424 16 16 0 0 0 2000 -1000 
1 408 424 16 16 0 0 0 2000 -1000 
1 424 424 16 16 0 0 0 2000 -1000 
1 504 424 16 16 0 0 0 2000 -1000 
1 520 424 16 16 0 0 0 2000 -1000 
1 504 440 16 16 0 0 0 2000 -1000 
1 520 440 16 16 0 0 0 2000 -1000 
1 680 456 16 16 0 0 0 2000 -1000 
1 696 456 16 16 0 0 0 2000 -1000 
1 680 472 16 16 0 0 0 2000 -1000 
1 696 472 16 16 0 0 0 2000 -1000 
1 712 552 16 16 0 0 0 2000 -1000 
1 728 552 16 16 0 0 0 2000 -1000 
1 744 552 16 16 0 0 0 2000 -1000 
1 760 552 16 16 0 0 0 2000 -1000 
1 776 552 16 16 0 0 0 2000 -1000 
1 840 552 16 16 0 0 0 2000 -1000 
1 712 568 16 16 0 0 0 2000 -1000 
1 728 568 16 16 0 0 0 2000 -1000 
1 744 568 16 16 0 0 0 2000 -1000 
1 760 568 16 16 0 0 0 2000 -1000 
1 776 568 16 16 0 0 0 2000 -1000 
1 792 568 16 16 0 0 0 2000 -1000 
1 808 568 16 16 0 0 0 2000 -1000 
1 824 568 16 16 0 0 0 2000 -1000 
1 840 568 16 16 0 0 0 2000 -1000 
1 488 648 16 16 0 0 0 2000 -1000 
1 504 648 16 16 0 0 0 2000 -1000 
1 520 648 16 16 0 0 0 2000 -1000 
1 536 648 16 16 0 0 0 2000 -1000 
1 552 648 16 16 0 0 0 2000 -1000 
1 568 648 16 16 0 0 0 2000 -1000 
1 648 648 16 16 0 0 0 2000 -1000 
1 664 648 16 16 0 0 0 2000 -1000 
1 488 664 16 16 0 0 0 2000 -1000 
1 504 664 16 16 0 0 0 2000 -1000 
1 520 664 16 16 0 0 0 2000 -1000 
1 536 664 16 16 0 0 0 2000 -1000 
1 552 664 16 16 0 0 0 2000 -1000 
1 568 664 16 16 0 0 0 2000 -1000 
1 584 664 16 16 0 0 0 2000 -1000 
1 600 664 16 16 0 0 0 2000 -1000 
1 616 664 16 16 0 0 0 2000 -1000 
1 632 664 16 16 0 0 0 2000 -1000 
1 648 664 16 16 0 0 0 2000 -1000 
1 664 664 16 16 0 0 0 2000 -1000 
1 1112 696 16 16 0 0 0 2000 -1000 
1 1128 696 16 16 0 0 0 2000 -1000 
1 1144 696 16 16 0 0 0 2000 -1000 
1 1160 696 16 16 0 0 0 2000 -1000 
1 1176 696 16 16 0 0 0 2000 -1000 
1 1192 696 16 16 0 0 0 2000 -1000 
1 968 712 16 16 0 0 0 2000 -1000 
1 984 712 16 16 0 0 0 2000 -1000 
1 1000 712 16 16 0 0 0 2000 -1000 
1 1016 712 16 16 0 0 0 2000 -1000 
1 1032 712 16 16 0 0 0 2000 -1000 
1 1048 712 16 16 0 0 0 2000 -1000 
1 1064 712 16 16 0 0 0 2000 -1000 
1 1080 712 16 16 0 0 0 2000 -1000 
1 1096 712 16 16 0 0 0 2000 -1000 
1 1112 712 16 16 0 0 0 2000 -1000 
1 1128 712 16 16 0 0 0 2000 -1000 
1 1144 712 16 16 0 0 0 2000 -1000 
1 1160 712 16 16 0 0 0 2000 -1000 
1 1176 712 16 16 0 0 0 2000 -1000 
1 1192 712 16 16 0 0 0 2000 -1000 
1 8 728 16 16 0 0 0 2000 -1000 
1 24 728 16 16 0 0 0 2000 -1000 
1 936 728 16 16 0 0 0 2000 -1000 
1 952 728 16 16 0 0 0 2000 -1000 
1 968 728 16 16 0 0 0 2000 -1000 
1 984 728 16 16 0 0 0 2000 -1000 
1 1000 728 16 16 0 0 0 2000 -1000 
1 1016 728 16 16 0 0 0 2000 -1000 
1 1032 728 16 16 0 0 0 2000 -1000 
1 1048 728 16 16 0 0 0 2000 -1000 
1 1064 728 16 16 0 0 0 2000 -1000 
1 1080 728 16 16 0 0 0 2000 -1000 
1 1096 728 16 16 0 0 0 2000 -1000 
1 1112 728 16 16 0 0 0 2000 -1000 
1 1128 728 16 16 0 0 0 2000 -1000 
1 1144 728 16 16 0 0 0 2000 -1000 
1 1160 728 16 16 0 0 0 2000 -1000 
1 1176 728 16 16 0 0 0 2000 -1000 
1 1192 728 16 16 0 0 0 2000 -1000 
1 8 744 16 16 0 0 0 2000 -1000 
1 24 744 16 16 0 0 0 2000 -1000 
1 936 744 16 16 0 0 0 2000 -1000 
1 952 744 16 16 0 0 0 2000 -1000 
1 968 744 16 16 0 0 0 2000 -1000 
1 984 744 16 16 0 0 0 2000 -1000 
1 1000 744 16 16 0 0 0 2000 -1000 
1 1016 744 16 16 0 0 0 2000 -1000 
1 1032 744 16 16 0 0 0 2000 -1000 
1 1048 744 16 16 0 0 0 2000 -1000 
1 1064 744 16 16 0 0 0 2000 -1000 
1 1080 744 16 16 0 0 0 2000 -1000 
1 1096 744 16 16 0 0 0 2000 -1000 
1 1112 744 16 16 0 0 0 2000 -1000 
1 1128 744 16 16 0 0 0 2000 -1000 
1 1144 744 16 16 0 0 0 2000 -1000 
1 1160 744 16 16 0 0 0 2000 -1000 
1 1176 744 16 16 0 0 0 2000 -1000 
1 1192 744 16 16 0 0 0 2000 -1000 
1 8 760 16 16 0 0 0 2000 -1000 
1 24 760 16 16 0 0 0 2000 -1000 
1 40 760 16 16 0 0 0 2000 -1000 
1 56 760 16 16 0 0 0 2000 -1000 
1 72 760 16 16 0 0 0 2000 -1000 
1 88 760 16 16 0 0 0 2000 -1000 
1 104 760 16 16 0 0 0 2000 -1000 
1 120 760 16 16 0 0 0 2000 -1000 
1 136 760 16 16 0 0 0 2000 -1000 
1 312 760 16 16 0 0 0 2000 -1000 
1 328 760 16 16 0 0 0 2000 -1000 
1 344 760 16 16 0 0 0 2000 -1000 
1 360 760 16 16 0 0 0 2000 -1000 
1 376 760 16 16 0 0 0 2000 -1000 
1 392 760 16 16 0 0 0 2000 -1000 
1 408 760 16 16 0 0 0 2000 -1000 
1 424 760 16 16 0 0 0 2000 -1000 
1 440 760 16 16 0 0 0 2000 -1000 
1 456 760 16 16 0 0 0 2000 -1000 
1 472 760 16 16 0 0 0 2000 -1000 
1 488 760 16 16 0 0 0 2000 -1000 
1 504 760 16 16 0 0 0 2000 -1000 
1 520 760 16 16 0 0 0 2000 -1000 
1 536 760 16 16 0 0 0 2000 -1000 
1 552 760 16 16 0 0 0 2000 -1000 
1 568 760 16 16 0 0 0 2000 -1000 
1 584 760 16 16 0 0 0 2000 -1000 
1 600 760 16 16 0 0 0 2000 -1000 
1 616 760 16 16 0 0 0 2000 -1000 
1 632 760 16 16 0 0 0 2000 -1000 
1 728 760 16 16 0 0 0 2000 -1000 
1 744 760 16 16 0 0 0 2000 -1000 
1 760 760 16 16 0 0 0 2000 -1000 
1 776 760 16 16 0 0 0 2000 -1000 
1 792 760 16 16 0 0 0 2000 -1000 
1 808 760 16 16 0 0 0 2000 -1000 
1 824 760 16 16 0 0 0 2000 -1000 
1 840 760 16 16 0 0 0 2000 -1000 
1 856 760 16 16 0 0 0 2000 -1000 
1 872 760 16 16 0 0 0 2000 -1000 
1 888 760 16 16 0 0 0 2000 -1000 
1 904 760 16 16 0 0 0 2000 -1000 
1 920 760 16 16 0 0 0 2000 -1000 
1 936 760 16 16 0 0 0 2000 -1000 
1 952 760 16 16 0 0 0 2000 -1000 
1 968 760 16 16 0 0 0 2000 -1000 
1 984 760 16 16 0 0 0 2000 -1000 
1 1000 760 16 16 0 0 0 2000 -1000 
1 1016 760 16 16 0 0 0 2000 -1000 
1 1032 760 16 16 0 0 0 2000 -1000 
1 1048 760 16 16 0 0 0 2000 -1000 
1 1064 760 16 16 0 0 0 2000 -1000 
1 1080 760 16 16 0 0 0 2000 -1000 
1 1096 760 16 16 0 0 0 2000 -1000 
1 1112 760 16 16 0 0 0 2000 -1000 
1 1128 760 16 16 0 0 0 2000 -1000 
1 1144 760 16 16 0 0 0 2000 -1000 
1 1160 760 16 16 0 0 0 2000 -1000 
1 1176 760 16 16 0 0 0 2000 -1000 
1 1192 760 16 16 0 0 0 2000 -1000 
1 8 776 16 16 0 0 0 2000 -1000 
1 24 776 16 16 0 0 0 2000 -1000 
1 40 776 16 16 0 0 0 2000 -1000 
1 56 776 16 16 0 0 0 2000 -1000 
1 72 776 16 16 0 0 0 2000 -1000 
1 88 776 16 16 0 0 0 2000 -1000 
1 104 776 16 16 0 0 0 2000 -1000 
1 120 776 16 16 0 0 0 2000 -1000 
1 136 776 16 16 0 0 0 2000 -1000 
1 152 776 16 16 0 0 0 2000 -1000 
1 168 776 16 16 0 0 0 2000 -1000 
1 184 776 16 16 0 0 0 2000 -1000 
1 200 776 16 16 0 0 0 2000 -1000 
1 216 776 16 16 0 0 0 2000 -1000 
1 232 776 16 16 0 0 0 2000 -1000 
1 248 776 16 16 0 0 0 2000 -1000 
1 264 776 16 16 0 0 0 2000 -1000 
1 280 776 16 16 0 0 0 2000 -1000 
1 296 776 16 16 0 0 0 2000 -1000 
1 312 776 16 16 0 0 0 2000 -1000 
1 328 776 16 16 0 0 0 2000 -1000 
1 344 776 16 16 0 0 0 2000 -1000 
1 360 776 16 16 0 0 0 2000 -1000 
1 376 776 16 16 0 0 0 2000 -1000 
1 392 776 16 16 0 0 0 2000 -1000 
1 408 776 16 16 0 0 0 2000 -1000 
1 424 776 16 16 0 0 0 2000 -1000 
1 440 776 16 16 0 0 0 2000 -1000 
1 456 776 16 16 0 0 0 2000 -1000 
1 472 776 16 16 0 0 0 2000 -1000 
1 488 776 16 16 0 0 0 2000 -1000 
1 504 776 16 16 0 0 0 2000 -1000 
1 520 776 16 16 0 0 0 2000 -1000 
1 536 776 16 16 0 0 0 2000 -1000 
1 552 776 16 16 0 0 0 2000 -1000 
1 568 776 16 16 0 0 0 2000 -1000 
1 584 776 16 16 0 0 0 2000 -1000 
1 600 776 16 16 0 0 0 2000 -1000 
1 616 776 16 16 0 0 0 2000 -1000 
1 632 776 16 16 0 0 0 2000 -1000 
1 648 776 16 16 0 0 0 2000 -1000 
1 664 776 16 16 0 0 0 2000 -1000 
1 680 776 16 16 0 0 0 2000 -1000 
1 696 776 16 16 0 0 0 2000 -1000 
1 712 776 16 16 0 0 0 2000 -1000 
1 728 776 16 16 0 0 0 2000 -1000 
1 744 776 16 16 0 0 0 2000 -1000 
1 760 776 16 16 0 0 0 2000 -1000 
1 776 776 16 16 0 0 0 2000 -1000 
1 792 776 16 16 0 0 0 2000 -1000 
1 808 776 16 16 0 0 0 2000 -1000 
1 824 776 16 16 0 0 0 2000 -1000 
1 840 776 16 16 0 0 0 2000 -1000 
1 856 776 16 16 0 0 0 2000 -1000 
1 872 776 16 16 0 0 0 2000 -1000 
1 888 776 16 16 0 0 0 2000 -1000 
1 904 776 16 16 0 0 0 2000 -1000 
1 920 776 16 16 0 0 0 2000 -1000 
1 936 776 16 16 0 0 0 2000 -1000 
1 952 776 16 16 0 0 0 2000 -1000 
1 968 776 16 16 0 0 0 2000 -1000 
1 984 776 16 16 0 0 0 2000 -1000 
1 1000 776 16 16 0 0 0 2000 -1000 
1 1016 776 16 16 0 0 0 2000 -1000 
1 1032 776 16 16 0 0 0 2000 -1000 
1 1048 776 16 16 0 0 0 2000 -1000 
1 1064 776 16 16 0 0 0 2000 -1000 
1 1080 776 16 16 0 0 0 2000 -1000 
1 1096 776 16 16 0 0 0 2000 -1000 
1 1112 776 16 16 0 0 0 2000 -1000 
1 1128 776 16 16 0 0 0 2000 -1000 
1 1144 776 16 16 0 0 0 2000 -1000 
1 1160 776 16 16 0 0 0 2000 -1000 
1 1176 776 16 16 0 0 0 2000 -1000 
1 1192 776 16 16 0 0 0 2000 -1000 
1 8 792 16 16 0 0 0 2000 -1000 
1 24 792 16 16 0 0 0 2000 -1000 
1 40 792 16 16 0 0 0 2000 -1000 
1 56 792 16 16 0 0 0 2000 -1000 
1 72 792 16 16 0 0 0 2000 -1000 
1 88 792 16 16 0 0 0 2000 -1000 
1 104 792 16 16 0 0 0 2000 -1000 
1 120 792 16 16 0 0 0 2000 -1000 
1 136 792 16 16 0 0 0 2000 -1000 
1 152 792 16 16 0 0 0 2000 -1000 
1 168 792 16 16 0 0 0 2000 -1000 
1 184 792 16 16 0 0 0 2000 -1000 
1 200 792 16 16 0 0 0 2000 -1000 
1 216 792 16 16 0 0 0 2000 -1000 
1 232 792 16 16 0 0 0 2000 -1000 
1 248 792 16 16 0 0 0 2000 -1000 
1 264 792 16 16 0 0 0 2000 -1000 
1 280 792 16 16 0 0 0 2000 -1000 
1 296 792 16 16 0 0 0 2000 -1000 
1 312 792 16 16 0 0 0 2000 -1000 
1 328 792 16 16 0 0 0 2000 -1000 
1 344 792 16 16 0 0 0 2000 -1000 
1 360 792 16 16 0 0 0 2000 -1000 
1 376 792 16 16 0 0 0 2000 -1000 
1 392 792 16 16 0 0 0 2000 -1000 
1 408 792 16 16 0 0 0 2000 -1000 
1 424 792 16 16 0 0 0 2000 -1000 
1 440 792 16 16 0 0 0 2000 -1000 
1 456 792 16 16 0 0 0 2000 -1000 
1 472 792 16 16 0 0 0 2000 -1000 
1 488 792 16 16 0 0 0 2000 -1000 
1 504 792 16 16 0 0 0 2000 -1000 
1 520 792 16 16 0 0 0 2000 -1000 
1 536 792 16 16 0 0 0 2000 -1000 
1 552 792 16 16 0 0 0 2000 -1000 
1 568 792 16 16 0 0 0 2000 -1000 
1 584 792 16 16 0 0 0 2000 -1000 
1 600 792 16 16 0 0 0 2000 -1000 
1 616 792 16 16 0 0 0 2000 -1000 
1 632 792 16 16 0 0 0 2000 -1000 
1 648 792 16 16 0 0 0 2000 -1000 
1 664 792 16 16 0 0 0 2000 -1000 
1 680 792 16 16 0 0 0 2000 -1000 
1 696 792 16 16 0 0 0 2000 -1000 
1 712 792 16 16 0 0 0 2000 -1000 
1 728 792 16 16 0 0 0 2000 -1000 
1 744 792 16 16 0 0 0 2000 -1000 
1 760 792 16 16 0 0 0 2000 -1000 
1 776 792 16 16 0 0 0 2000 -1000 
1 792 792 16 16 0 0 0 2000 -1000 
1 808 792 16 16 0 0 0 2000 -1000 
1 824 792 16 16 0 0 0 2000 -1000 
1 840 792 16 16 0 0 0 2000 -1000 
1 856 792 16 16 0 0 0 2000 -1000 
1 872 792 16 16 0 0 0 2000 -1000 
1 888 792 16 16 0 0 0 2000 -1000 
1 904 792 16 16 0 0 0 2000 -1000 
1 920 792 16 16 0 0 0 2000 -1000 
1 936 792 16 16 0 0 0 2000 -1000 
1 952 792 16 16 0 0 0 2000 -1000 
1 968 792 16 16 0 0 0 2000 -1000 
1 984 792 16 16 0 0 0 2000 -1000 
1 1000 792 16 16 0 0 0 2000 -1000 
1 1016 792 16 16 0 0 0 2000 -1000 
1 1032 792 16 16 0 0 0 2000 -1000 
1 1048 792 16 16 0 0 0 2000 -1000 
1 1064 792 16 16 0 0 0 2000 -1000 
1 1080 792 16 16 0 0 0 2000 -1000 
1 1096 792 16 16 0 0 0 2000 -1000 
1 1112 792 16 16 0 0 0 2000 -1000 
1 1128 792 16 16 0 0 0 2000 -1000 
1 1144 792 16 16 0 0 0 2000 -1000 
1 1160 792 16 16 0 0 0 2000 -1000 
1 1176 792 16 16 0 0 0 2000 -1000 
1 1192 792 16 16 0 0 0 2000 -1000 
