1 410.308 744.096 16 16 160 11.253 0 1000 1 1 3.5 2.31347 
1 493.405 744.099 16 16 -200 11.492 0 1000 1 1 3.5 1.81348 
1 40 744.099 16 16 -160 11.492 0 1000 1 1 2.5 1.81348 
1 174.541 744.099 16 16 -120 11.492 0 1000 1 1 2.5 1.81348 
1 173.405 744.099 16 16 -200 11.492 0 1000 1 1 3.5 1.81348 
1 588.053 744.081 16 16 200 10.367 0 1000 1 1 3.5 2.73924 
1 354.037 744.081 16 16 -160 10.367 0 1000 1 1 2.5 1.23924 
1 478.347 744.081 16 16 160 10.367 0 1000 1 1 3.5 2.73924 
1 408.846 744.078 16 16 -200 10.203 0 1000 1 1 3.5 1.65719 
1 338.365 744.078 16 16 160 10.203 0 1000 1 1 2.5 1.15719 
1 334.985 744.078 16 16 -160 10.203 0 1000 1 1 3.5 1.65719 
1 188.958 744.069 16 16 200 9.587 0 1000 1 1 3.5 0.735931 
1 271.229 744.069 16 16 160 9.587 0 1000 1 1 2.5 0.735928 
1 161.176 744.069 16 16 160 9.587 0 1000 1 1 3.5 0.735931 
0 398.995 744.142 16 16 200 14.604 0 1000 0 1 3.5 1.77392 
0 391.952 744.024 16 16 -160 4.902 0 1000 0 1 2.5 0.998122 
0 449.103 744.131 16 16 160 13.993 0 1000 0 1 3.5 2.52146 
0 952.697 232.043 16 16 160 6.539 0 1000 0 1 3.5 1.09941 
0 424.496 744.023 16 16 -120 4.819 0 1000 0 1 2.5 2.27085 
0 398.995 744.142 16 16 200 14.604 0 1000 0 1 3.5 1.77392 
0 391.952 744.024 16 16 -160 4.902 0 1000 0 1 2.5 0.998122 
0 449.103 744.131 16 16 160 13.993 0 1000 0 1 3.5 2.52146 
0 952.697 232.043 16 16 160 6.539 0 1000 0 1 3.5 1.09941 
0 424.496 744.023 16 16 -120 4.819 0 1000 0 1 2.5 2.27085 
1 61.9589 744.02 16 16 -120 4.512 0 1000 1 1 3.5 1.55034 
1 671.945 744.02 16 16 -160 4.512 0 1000 1 1 3.5 1.55034 
1 40 744.02 16 16 -200 4.512 0 1000 1 1 3.5 1.55034 
1 671.945 744.02 16 16 -160 4.512 0 1000 1 1 2.5 1.55034 
1 256.536 744 16 16 -120 0 0 1000 1 1 3.5 1.69531 
1 648.465 744 16 16 -160 0 0 1000 1 1 3.5 1.69531 
1 401.367 744 16 16 -200 0 0 1000 1 1 3.5 1.69531 
1 711.009 744 16 16 160 0 0 1000 1 1 2.5 1.19531 
1 67.8056 744 16 16 120 0 0 1000 1 1 3.5 0.197883 
0 379.579 744.062 16 16 -160 9.081 0 1000 0 1 3.5 3.37392 
0 400.798 744.034 16 16 200 5.855 0 1000 0 1 3.5 1.78388 
1 711.724 744 16 16 160 0 0 1000 1 1 2.5 1.19788 
1 81.6322 744 16 16 -200 0 0 1000 1 1 3.5 1.55184 
1 255.705 744 16 16 -160 0 0 1000 1 1 2.5 1.55184 
1 509.779 744 16 16 -120 0 0 1000 1 1 3.5 1.55184 
1 40 744 16 16 -120 0 0 1000 1 1 2.5 1.55184 
1 128.488 744.029 16 16 200 5.356 0 1000 1 1 3.5 0.437185 
1 354.668 744.029 16 16 -160 5.356 0 1000 1 1 2.5 0.937187 
1 331.635 744.029 16 16 120 5.356 0 1000 1 1 3.5 0.437185 
1 228.365 744.029 16 16 -120 5.356 0 1000 1 1 2.5 0.937187 
1 119.867 744.082 16 16 -200 10.449 0 1000 1 1 3.5 3.09719 
1 170.132 744.082 16 16 -160 10.449 0 1000 1 1 2.5 2.09719 
1 326.321 744.082 16 16 -120 10.449 0 1000 1 1 3.5 3.09719 
1 89.7592 744.082 16 16 -120 10.449 0 1000 1 1 2.5 2.09719 
1 531.372 744 16 16 200 0 0 1000 1 1 3.5 2.44011 
1 181.617 744 16 16 160 0 0 1000 1 1 2.5 0.440114 
1 573.092 744 16 16 120 0 0 1000 1 1 3.5 2.44011 
1 99.0011 744 16 16 120 0 0 1000 1 1 2.5 0.440114 
1 655.621 744.059 16 16 120 8.835 0 1000 1 1 3.5 1.41416 
0 267.523 744.081 16 16 -200 10.424 0 1000 0 1 2.5 1.83711 
0 325.207 744.024 16 16 -200 4.851 0 1000 0 1 2.5 1.09331 
0 142.223 744.069 16 16 -120 9.611 0 1000 0 1 3.5 2.66354 
1 368.658 736.026 32 32 120 5.125 0 1000 1 1 2.5 1.36566 
1 624.659 736.026 32 32 120 5.125 0 1000 1 1 2.5 1.36566 
1 267.236 736.026 32 32 160 5.125 0 1000 1 1 2.5 1.36566 
1 372.839 736 32 32 120 0 0 1000 1 1 3.5 2.49661 
0 615.507 736.479 32 32 160 21.888 0 1000 0 1 2.5 0.657425 
1 683.771 736 32 32 -160 0 0 1000 1 1 2.5 0.996605 
1 234.771 736 32 32 -120 0 0 1000 1 1 2.5 0.996605 
1 490.105 736 32 32 -160 0 0 1000 1 1 2.5 2.42466 
1 235.607 736 32 32 -200 0 0 1000 1 1 2.5 2.42466 
1 526.064 736 32 32 -200 0 0 1000 1 1 3.5 1.42466 
