1 1160 680.096 16 16 0 11.253 0 1000 1 1 1 
1 536 632.099 16 16 0 11.492 0 1000 1 1 1 
1 152 392.099 16 16 0 11.492 0 1000 1 1 1 
1 1160 680.099 16 16 0 11.492 0 1000 1 1 1 
1 536 632.081 16 16 0 10.367 0 1000 1 1 1 
1 152 392.081 16 16 0 10.367 0 1000 1 1 1 
1 1160 680.081 16 16 0 10.367 0 1000 1 1 1 
1 984 360.081 16 16 0 10.367 0 1000 1 1 1 
1 536 632.078 16 16 0 10.203 0 1000 1 1 1 
1 152 392.078 16 16 0 10.203 0 1000 1 1 1 
1 1160 680.078 16 16 0 10.203 0 1000 1 1 1 
1 984 360.078 16 16 0 10.203 0 1000 1 1 1 
1 536 632.069 16 16 0 9.587 0 1000 1 1 1 
0 152 392.034 16 16 0 5.839 0 1000 0 1 1 
1 1160 680.069 16 16 0 9.587 0 1000 1 1 1 
0 984 360.152 16 16 0 15.083 0 1000 0 1 1 
0 536 632.022 16 16 0 4.692 0 1000 0 1 1 
0 152 392.034 16 16 0 5.839 0 1000 0 1 1 
0 1160 680.082 16 16 0 10.476 0 1000 0 1 1 
0 984 360.152 16 16 0 15.083 0 1000 0 1 1 
0 536 632.022 16 16 0 4.692 0 1000 0 1 1 
0 152 392.034 16 16 0 5.839 0 1000 0 1 1 
0 1160 680.082 16 16 0 10.476 0 1000 0 1 1 
0 984 360.152 16 16 0 15.083 0 1000 0 1 1 
1 536 632.02 16 16 0 4.512 0 1000 1 1 1 
1 152 392.02 16 16 0 4.512 0 1000 1 1 1 
1 1160 680.02 16 16 0 4.512 0 1000 1 1 1 
1 536 632 16 16 0 0 0 1000 1 1 1 
1 152 392 16 16 0 0 0 1000 1 1 1 
1 1160 680 16 16 0 0 0 1000 1 1 1 
0 536 632.028 16 16 0 5.258 0 1000 0 1 1 
0 152 392.023 16 16 0 4.837 0 1000 0 1 1 
0 1160 680.186 16 16 0 16.644 0 1000 0 1 1 
1 536 632 16 16 0 0 0 1000 1 1 1 
1 152 392 16 16 0 0 0 1000 1 1 1 
1 1160 680 16 16 0 0 0 1000 1 1 1 
1 984 360 16 16 0 0 0 1000 1 1 1 
1 536 632.029 16 16 0 5.356 0 1000 1 1 1 
1 152 392.029 16 16 0 5.356 0 1000 1 1 1 
1 1160 680.029 16 16 0 5.356 0 1000 1 1 1 
1 984 360.029 16 16 0 5.356 0 1000 1 1 1 
1 536 632.082 16 16 0 10.449 0 1000 1 1 1 
1 152 392.082 16 16 0 10.449 0 1000 1 1 1 
1 1160 680.082 16 16 0 10.449 0 1000 1 1 1 
1 984 360.082 16 16 0 10.449 0 1000 1 1 1 
0 536 632.029 16 16 0 5.431 0 1000 0 1 1 
0 152 392.027 16 16 0 5.238 0 1000 0 1 1 
0 1160 680.072 16 16 0 9.803 0 1000 0 1 1 
0 984 360.033 16 16 0 5.758 0 1000 0 1 1 
0 536 632.089 16 16 0 10.878 0 1000 0 1 1 
0 152 392.032 16 16 0 5.68 0 1000 0 1 1 
0 1160 680.155 16 16 0 15.269 0 1000 0 1 1 
0 984 360.074 16 16 0 9.949 0 1000 0 1 1 
0 536 395.201 44 42 0 17.341 0 1000 0 1 1 
1 454 731.026 44 42 0 5.125 0 1000 1 1 1 
1 1160 667.026 44 42 0 5.125 0 1000 1 1 1 
0 536 395.509 44 42 0 22.563 0 1000 0 1 1 
1 454 731 44 42 0 0 0 1000 1 1 1 
0 1160 667.507 44 42 0 22.519 0 1000 0 1 1 
1 549 618 42 44 0 0 0 1000 1 1 1 
1 453 730 42 44 0 0 0 1000 1 1 1 
0 1160 666.544 42 44 0 23.321 0 1000 0 1 1 
0 984 346.525 42 44 0 22.914 0 1000 0 1 1 
