0 2000 2000 8 8 0 0 0 1000 
0 2000 2000 8 8 0 0 0 1000 
0 2000 2000 8 8 0 0 0 1000 
0 2000 2000 8 8 0 0 0 1000 
0 2000 2000 8 8 0 0 0 1000 
0 2000 2000 8 8 0 0 0 1000 
0 2000 2000 8 8 0 0 0 1000 
0 2000 2000 8 8 0 0 0 1000 
0 2000 2000 8 8 0 0 0 1000 
0 2000 2000 8 8 0 0 0 1000 
0 2000 2000 8 8 0 0 0 1000 
0 2000 2000 8 8 0 0 0 1000 
0 2000 2000 8 8 0 0 0 1000 
1 36 396 8 8 -500 0 0 0 
1 268 396 8 8 500 0 0 0 
1 268 396 8 8 500 0 0 0 
0 2000 2000 8 8 0 0 0 1000 
0 2000 2000 8 8 0 0 0 1000 
0 2000 2000 8 8 0 0 0 1000 
1 36 748 8 8 -500 0 0 0 
1 36 748 8 8 -500 0 0 0 
1 533.867 636.03 8 8 -500 5.465 0 1000 
0 2000 2000 8 8 0 0 0 1000 
0 2000 2000 8 8 0 0 0 1000 
0 2000 2000 8 8 0 0 0 1000 
1 -1176.48 3151.89 8 8 -500 2344.97 0 1000 
1 1440.55 803.432 8 8 500 485.997 0 1000 
1 1440.55 803.432 8 8 500 485.997 0 1000 
0 2000 2000 8 8 0 0 0 1000 
0 2000 2000 8 8 0 0 0 1000 
0 2000 2000 8 8 0 0 0 1000 
1 -1176.48 3503.89 8 8 -500 2344.97 0 1000 
1 -1176.48 3503.89 8 8 -500 2344.97 0 1000 
1 36 748 8 8 -500 0 0 0 
0 2000 2000 8 8 0 0 0 1000 
0 2000 2000 8 8 0 0 0 1000 
0 2000 2000 8 8 0 0 0 1000 
0 -5528.17 61459.8 8 8 -500 11048.3 0 1000 
0 5792.24 42932 8 8 500 9189.36 0 1000 
0 5792.24 42932 8 8 500 9189.36 0 1000 
0 2000 2000 8 8 0 0 0 1000 
0 2000 2000 8 8 0 0 0 1000 
0 2000 2000 8 8 0 0 0 1000 
0 -4222.67 36366.3 8 8 -500 8437.33 0 1000 
0 -4222.67 36366.3 8 8 -500 8437.33 0 1000 
0 -3013.62 18879.8 8 8 -500 6019.24 0 1000 
0 743.573 646.302 8 8 500 141.028 0 1000 
0 926.346 748.068 8 8 500 9.526 0 1000 
0 926.346 748.068 8 8 500 9.526 0 1000 
0 -5528.17 61459.8 8 8 -500 11048.3 0 1000 
0 5792.24 42932 8 8 500 9189.36 0 1000 
0 5792.24 42932 8 8 500 9189.36 0 1000 
0 2000 2000 8 8 0 0 0 1000 
0 2000 2000 8 8 0 0 0 1000 
0 2000 2000 8 8 0 0 0 1000 
0 -4222.67 36366.3 8 8 -500 8437.33 0 1000 
0 -4222.67 36366.3 8 8 -500 8437.33 0 1000 
0 -3013.62 18879.8 8 8 -500 6019.24 0 1000 
0 743.573 646.302 8 8 500 141.028 0 1000 
0 926.346 748.068 8 8 500 9.526 0 1000 
0 926.346 748.068 8 8 500 9.526 0 1000 
0 -5528.17 61459.8 8 8 -500 11048.3 0 1000 
0 5792.24 42932 8 8 500 9189.36 0 1000 
0 5792.24 42932 8 8 500 9189.36 0 1000 
0 2000 2000 8 8 0 0 0 1000 
0 2000 2000 8 8 0 0 0 1000 
0 2000 2000 8 8 0 0 0 1000 
0 -4222.67 36366.3 8 8 -500 8437.33 0 1000 
0 -4222.67 36366.3 8 8 -500 8437.33 0 1000 
0 -3013.62 18879.8 8 8 -500 6019.24 0 1000 
0 2000 2000 8 8 0 0 0 1000 
0 2000 2000 8 8 0 0 0 1000 
0 2000 2000 8 8 0 0 0 1000 
0 2000 2000 8 8 0 0 0 1000 
0 2000 2000 8 8 0 0 0 1000 
0 2000 2000 8 8 0 0 0 1000 
0 2000 2000 8 8 0 0 0 1000 
0 2000 2000 8 8 0 0 0 1000 
0 2000 2000 8 8 0 0 0 1000 
0 2000 2000 8 8 0 0 0 1000 
0 2000 2000 8 8 0 0 0 1000 
0 2000 2000 8 8 0 0 0 1000 
1 36 396 8 8 -500 0 0 0 
0 2000 2000 8 8 0 0 0 1000 
0 2000 2000 8 8 0 0 0 1000 
0 2000 2000 8 8 0 0 0 1000 
0 2000 2000 8 8 0 0 0 1000 
0 2000 2000 8 8 0 0 0 1000 
0 2000 2000 8 8 0 0 0 1000 
0 2000 2000 8 8 0 0 0 1000 
0 2000 2000 8 8 0 0 0 1000 
0 -5457.41 59904.4 8 8 -500 10906.8 0 1000 
0 2749.33 5455.68 8 8 500 3086.71 0 1000 
0 33.5815 396.146 8 8 -500 14.783 0 1000 
0 33.3415 748.186 8 8 -500 16.644 0 1000 
0 134.911 748.186 8 8 -500 16.644 0 1000 
0 657.446 748.186 8 8 -500 16.644 0 1000 
0 2000 2000 8 8 0 0 0 1000 
0 2000 2000 8 8 0 0 0 1000 
0 2000 2000 8 8 0 0 0 1000 
0 2000 2000 8 8 0 0 0 1000 
0 2000 2000 8 8 0 0 0 1000 
0 2000 2000 8 8 0 0 0 1000 
0 2000 2000 8 8 0 0 0 1000 
0 2000 2000 8 8 0 0 0 1000 
0 2000 2000 8 8 0 0 0 1000 
0 2000 2000 8 8 0 0 0 1000 
0 2000 2000 8 8 0 0 0 1000 
0 2000 2000 8 8 0 0 0 1000 
0 2000 2000 8 8 0 0 0 1000 
0 2000 2000 8 8 0 0 0 1000 
0 2000 2000 8 8 0 0 0 1000 
1 388.44 396.082 8 8 500 10.448 0 1000 
1 388.44 396.082 8 8 500 10.448 0 1000 
0 2000 2000 8 8 0 0 0 1000 
0 2000 2000 8 8 0 0 0 1000 
0 2000 2000 8 8 0 0 0 1000 
0 2000 2000 8 8 0 0 0 1000 
1 -77.017 759.061 8 8 -500 146.034 0 1000 
1 386.201 660.518 8 8 -500 213.628 0 1000 
0 2000 2000 8 8 0 0 0 1000 
0 2000 2000 8 8 0 0 0 1000 
0 2000 2000 8 8 0 0 0 1000 
0 2000 2000 8 8 0 0 0 1000 
1 268 396 8 8 500 0 0 1000 
1 268 396 8 8 500 0 0 1000 
1 268 396 8 8 500 0 0 1000 
0 2000 2000 8 8 0 0 0 1000 
0 2000 2000 8 8 0 0 0 1000 
0 2000 2000 8 8 0 0 0 1000 
1 36 748 8 8 -500 0 0 1000 
1 36 748 8 8 -500 0 0 1000 
1 306.529 699.61 8 8 -500 354.033 0 1000 
0 926.716 748.079 8 8 500 10.28 0 1000 
0 926.716 748.152 8 8 500 15.115 0 1000 
0 926.716 748.152 8 8 500 15.115 0 1000 
0 270.619 396 8 8 500 0 0 0 
0 270.619 396 8 8 500 0 0 0 
0 270.619 396 8 8 500 0 0 0 
0 2000 2000 8 8 0 0 0 1000 
0 2000 2000 8 8 0 0 0 1000 
0 2000 2000 8 8 0 0 0 1000 
0 33.121 748 8 8 -500 0 0 0 
0 33.121 748 8 8 -500 0 0 0 
0 33.121 748 8 8 -500 0 0 0 
0 926.416 748 8 8 500 0 0 0 
0 926.416 748 8 8 500 0 0 0 
0 926.416 748 8 8 500 0 0 0 
0 2000 2000 8 8 0 0 0 1000 
0 2000 2000 8 8 0 0 0 1000 
0 2000 2000 8 8 0 0 0 1000 
0 668.074 748.026 8 8 -500 5.066 0 1000 
0 2000 2000 8 8 0 0 0 1000 
0 2000 2000 8 8 0 0 0 1000 
0 33.5015 748.074 8 8 -500 9.949 0 1000 
0 33.5015 748.074 8 8 -500 9.949 0 1000 
0 33.5015 748.074 8 8 -500 9.949 0 1000 
0 32.9115 748.201 8 8 -500 17.341 0 1000 
0 -2584.2 14079.2 8 8 -500 5160.41 0 1000 
0 32.9115 748.106 8 8 -500 11.86 0 1000 
0 2000 2000 8 8 0 0 0 1000 
0 2000 2000 8 8 0 0 0 1000 
0 2000 2000 8 8 0 0 0 1000 
1 1135.83 668.417 8 8 -500 48.349 0 1000 
0 2000 2000 8 8 0 0 0 1000 
0 2000 2000 8 8 0 0 0 1000 
0 -450.702 2386.57 8 8 -500 1976.08 0 1000 
0 -3661.32 27616.9 8 8 -500 7314.64 0 1000 
0 -3152.16 20669.8 8 8 -500 6295.51 0 1000 
1 2713.1 5338.96 8 8 500 3018.21 0 1000 
1 1819.79 1521.07 8 8 500 1231.59 0 1000 
0 2000 2000 8 8 0 0 0 1000 
0 682.502 748.507 8 8 -500 22.519 0 1000 
0 2000 2000 8 8 0 0 0 1000 
0 2000 2000 8 8 0 0 0 1000 
1 2090.34 2339.36 8 8 500 1772.69 0 1000 
1 1590.22 1055.11 8 8 500 772.438 0 1000 
1 1044 748 8 8 500 0 0 0 
0 2000 2000 8 8 0 0 0 1000 
0 2000 2000 8 8 0 0 0 1000 
0 2000 2000 8 8 0 0 0 1000 
0 2000 2000 8 8 0 0 0 1000 
0 2000 2000 8 8 0 0 0 1000 
0 2000 2000 8 8 0 0 0 1000 
0 -224.667 849.528 8 8 -500 439.203 0 1000 
0 268.166 743.192 8 8 -500 415.669 0 1000 
0 739.333 471.986 8 8 -500 489.335 0 1000 
